62   4825.1 
1    2627.00   2627.00         
2    1000.00   3627.00         
3    500.00   4127.00         
4    200.00   4327.00         
5    100.00   4427.00         
6     20.00   4447.00         
7     20.00   4467.00         
8     20.00   4487.00         
9     20.00   4507.00         
10    20.00   4527.00         
11    20.00   4547.00         
12    20.00   4567.00         
13    20.00   4587.00         
14    20.00   4607.00         
15    20.00   4627.00         
16    20.00   4647.00         
17    20.00   4667.00         
18    20.00   4687.00         
19    20.00   4707.00         
20    20.00   4727.00         
21    20.00   4747.00         
22    20.00   4767.00         
23    10.00   4777.00         
24     9.40   4786.40         
25     5.00   4791.40         
26     5.00   4796.40         
27     3.00   4799.40         
28     2.00   4801.40         
29      2.00   4803.40         
30      1.50   4804.90         
31      1.00   4805.90         
32      0.80   4806.70         
33      0.80   4807.50         
34      0.80   4808.30         
35      0.80   4809.10         
36      0.80   4809.90         
37      0.80   4810.70         
38      0.80   4811.50         
39     0.70   4812.20         
40     0.70   4812.90         
41     0.70   4813.60         
42    0.70    4814.30         
43    0.70    4815.00         
44    0.70    4815.70         
45    0.70    4816.40         
46    0.70    4817.10         
47    0.70    4817.80         
48    0.70    4818.50         
49    0.70    4819.20         
50    0.70    4819.90         
51    0.70    4820.60         
52    0.70    4821.30         
53    0.70    4822.00         
54    0.70    4822.70 
55    0.70    4823.40
56    0.80    4824.20
57    0.80    4825.00
58    0.80    4825.80  
59    0.80    4826.60 
60    1.00    4827.60    
61    2.00    4829.60   
62   36.40    4866.00  
